<?xml version="1.0"?>
<opencv_storage>
<CornersAmount>48</CornersAmount>
<Corner_0>
  408 446</Corner_0>
<Corner_1>
  391 446</Corner_1>
<Corner_2>
  374 446</Corner_2>
<Corner_3>
  356 446</Corner_3>
<Corner_4>
  340 446</Corner_4>
<Corner_5>
  323 446</Corner_5>
<Corner_6>
  306 446</Corner_6>
<Corner_7>
  289 445</Corner_7>
<Corner_8>
  406 438</Corner_8>
<Corner_9>
  390 440</Corner_9>
<Corner_10>
  373 440</Corner_10>
<Corner_11>
  356 440</Corner_11>
<Corner_12>
  340 440</Corner_12>
<Corner_13>
  324 440</Corner_13>
<Corner_14>
  306 440</Corner_14>
<Corner_15>
  290 439</Corner_15>
<Corner_16>
  405 432</Corner_16>
<Corner_17>
  388 433</Corner_17>
<Corner_18>
  373 434</Corner_18>
<Corner_19>
  356 433</Corner_19>
<Corner_20>
  341 433</Corner_20>
<Corner_21>
  324 433</Corner_21>
<Corner_22>
  307 433</Corner_22>
<Corner_23>
  292 433</Corner_23>
<Corner_24>
  403 427</Corner_24>
<Corner_25>
  387 427</Corner_25>
<Corner_26>
  372 427</Corner_26>
<Corner_27>
  356 427</Corner_27>
<Corner_28>
  341 427</Corner_28>
<Corner_29>
  325 427</Corner_29>
<Corner_30>
  308 427</Corner_30>
<Corner_31>
  294 427</Corner_31>
<Corner_32>
  401 421</Corner_32>
<Corner_33>
  386 421</Corner_33>
<Corner_34>
  371 421</Corner_34>
<Corner_35>
  356 421</Corner_35>
<Corner_36>
  341 421</Corner_36>
<Corner_37>
  326 422</Corner_37>
<Corner_38>
  310 421</Corner_38>
<Corner_39>
  296 420</Corner_39>
<Corner_40>
  400 416</Corner_40>
<Corner_41>
  386 417</Corner_41>
<Corner_42>
  372 418</Corner_42>
<Corner_43>
  355 418</Corner_43>
<Corner_44>
  341 417</Corner_44>
<Corner_45>
  327 416</Corner_45>
<Corner_46>
  312 416</Corner_46>
<Corner_47>
  298 416</Corner_47>
</opencv_storage>
