<?xml version="1.0"?>
<opencv_storage>
<CameraMatrix type_id="opencv-matrix">
  <rows>3</rows>
  <cols>3</cols>
  <dt>f</dt>
  <data>
    5.23232239e+02 0. 1.63204697e+02 0. 5.38626648e+02 1.50989151e+02 0.
    0. 1.</data></CameraMatrix>
<DistortionCoeffs type_id="opencv-matrix">
  <rows>5</rows>
  <cols>1</cols>
  <dt>f</dt>
  <data>
    -3.37331593e-01 9.00418758e-02 7.01295445e-03 2.74422187e-02
    -1.09574609e-02</data></DistortionCoeffs>
<RotationValues type_id="opencv-matrix">
  <rows>3</rows>
  <cols>1</cols>
  <dt>f</dt>
  <data>
    1.23307788e+00 -9.16951716e-01 9.75079954e-01</data></RotationValues>
<TranslationValues type_id="opencv-matrix">
  <rows>3</rows>
  <cols>1</cols>
  <dt>f</dt>
  <data>
    1.59764856e+03 1.93125720e+03 3.00922900e+03</data></TranslationValues>
</opencv_storage>
