<?xml version="1.0"?>
<opencv_storage>
<CornersAmount>48</CornersAmount>
<Corner_0>
  272 398</Corner_0>
<Corner_1>
  274 404</Corner_1>
<Corner_2>
  276 410</Corner_2>
<Corner_3>
  279 418</Corner_3>
<Corner_4>
  282 425</Corner_4>
<Corner_5>
  286 431</Corner_5>
<Corner_6>
  289 440</Corner_6>
<Corner_7>
  292 449</Corner_7>
<Corner_8>
  257 399</Corner_8>
<Corner_9>
  258 406</Corner_9>
<Corner_10>
  260 412</Corner_10>
<Corner_11>
  262 419</Corner_11>
<Corner_12>
  264 426</Corner_12>
<Corner_13>
  267 433</Corner_13>
<Corner_14>
  269 442</Corner_14>
<Corner_15>
  273 451</Corner_15>
<Corner_16>
  240 400</Corner_16>
<Corner_17>
  241 406</Corner_17>
<Corner_18>
  243 412</Corner_18>
<Corner_19>
  245 420</Corner_19>
<Corner_20>
  247 428</Corner_20>
<Corner_21>
  249 435</Corner_21>
<Corner_22>
  250 444</Corner_22>
<Corner_23>
  252 453</Corner_23>
<Corner_24>
  225 401</Corner_24>
<Corner_25>
  225 407</Corner_25>
<Corner_26>
  225 414</Corner_26>
<Corner_27>
  227 422</Corner_27>
<Corner_28>
  228 428</Corner_28>
<Corner_29>
  229 437</Corner_29>
<Corner_30>
  231 446</Corner_30>
<Corner_31>
  231 454</Corner_31>
<Corner_32>
  209 402</Corner_32>
<Corner_33>
  208 408</Corner_33>
<Corner_34>
  209 415</Corner_34>
<Corner_35>
  209 422</Corner_35>
<Corner_36>
  210 431</Corner_36>
<Corner_37>
  211 438</Corner_37>
<Corner_38>
  211 446</Corner_38>
<Corner_39>
  212 456</Corner_39>
<Corner_40>
  192 403</Corner_40>
<Corner_41>
  191 409</Corner_41>
<Corner_42>
  192 415</Corner_42>
<Corner_43>
  191 423</Corner_43>
<Corner_44>
  191 431</Corner_44>
<Corner_45>
  191 439</Corner_45>
<Corner_46>
  191 448</Corner_46>
<Corner_47>
  191 457</Corner_47>
</opencv_storage>
