<?xml version="1.0"?>
<opencv_storage>
<CornersAmount>48</CornersAmount>
<Corner_0>
  386 340</Corner_0>
<Corner_1>
  376 337</Corner_1>
<Corner_2>
  364 333</Corner_2>
<Corner_3>
  352 329</Corner_3>
<Corner_4>
  342 326</Corner_4>
<Corner_5>
  333 323</Corner_5>
<Corner_6>
  323 320</Corner_6>
<Corner_7>
  313 317</Corner_7>
<Corner_8>
  396 337</Corner_8>
<Corner_9>
  385 332</Corner_9>
<Corner_10>
  374 329</Corner_10>
<Corner_11>
  363 327</Corner_11>
<Corner_12>
  353 323</Corner_12>
<Corner_13>
  342 320</Corner_13>
<Corner_14>
  332 316</Corner_14>
<Corner_15>
  322 314</Corner_15>
<Corner_16>
  405 332</Corner_16>
<Corner_17>
  394 329</Corner_17>
<Corner_18>
  382 326</Corner_18>
<Corner_19>
  372 323</Corner_19>
<Corner_20>
  361 320</Corner_20>
<Corner_21>
  349 316</Corner_21>
<Corner_22>
  342 314</Corner_22>
<Corner_23>
  332 310</Corner_23>
<Corner_24>
  414 328</Corner_24>
<Corner_25>
  401 325</Corner_25>
<Corner_26>
  390 322</Corner_26>
<Corner_27>
  380 320</Corner_27>
<Corner_28>
  370 316</Corner_28>
<Corner_29>
  359 314</Corner_29>
<Corner_30>
  350 311</Corner_30>
<Corner_31>
  340 308</Corner_31>
<Corner_32>
  421 325</Corner_32>
<Corner_33>
  410 321</Corner_33>
<Corner_34>
  399 318</Corner_34>
<Corner_35>
  388 316</Corner_35>
<Corner_36>
  378 313</Corner_36>
<Corner_37>
  368 311</Corner_37>
<Corner_38>
  358 307</Corner_38>
<Corner_39>
  348 305</Corner_39>
<Corner_40>
  429 321</Corner_40>
<Corner_41>
  417 318</Corner_41>
<Corner_42>
  406 316</Corner_42>
<Corner_43>
  397 312</Corner_43>
<Corner_44>
  385 310</Corner_44>
<Corner_45>
  376 307</Corner_45>
<Corner_46>
  366 305</Corner_46>
<Corner_47>
  356 302</Corner_47>
</opencv_storage>
