<?xml version="1.0"?>
<opencv_storage>
<CornersAmount>48</CornersAmount>
<Corner_0>
  327 371</Corner_0>
<Corner_1>
  316 363</Corner_1>
<Corner_2>
  306 356</Corner_2>
<Corner_3>
  296 351</Corner_3>
<Corner_4>
  287 344</Corner_4>
<Corner_5>
  278 338</Corner_5>
<Corner_6>
  269 333</Corner_6>
<Corner_7>
  260 326</Corner_7>
<Corner_8>
  339 365</Corner_8>
<Corner_9>
  329 358</Corner_9>
<Corner_10>
  318 352</Corner_10>
<Corner_11>
  308 345</Corner_11>
<Corner_12>
  298 339</Corner_12>
<Corner_13>
  290 333</Corner_13>
<Corner_14>
  281 328</Corner_14>
<Corner_15>
  273 323</Corner_15>
<Corner_16>
  351 359</Corner_16>
<Corner_17>
  340 352</Corner_17>
<Corner_18>
  331 346</Corner_18>
<Corner_19>
  320 340</Corner_19>
<Corner_20>
  311 334</Corner_20>
<Corner_21>
  301 328</Corner_21>
<Corner_22>
  293 323</Corner_22>
<Corner_23>
  285 318</Corner_23>
<Corner_24>
  362 352</Corner_24>
<Corner_25>
  352 346</Corner_25>
<Corner_26>
  341 340</Corner_26>
<Corner_27>
  332 334</Corner_27>
<Corner_28>
  322 329</Corner_28>
<Corner_29>
  313 323</Corner_29>
<Corner_30>
  304 318</Corner_30>
<Corner_31>
  295 313</Corner_31>
<Corner_32>
  374 347</Corner_32>
<Corner_33>
  362 341</Corner_33>
<Corner_34>
  353 335</Corner_34>
<Corner_35>
  343 331</Corner_35>
<Corner_36>
  332 323</Corner_36>
<Corner_37>
  323 319</Corner_37>
<Corner_38>
  314 315</Corner_38>
<Corner_39>
  306 310</Corner_39>
<Corner_40>
  385 341</Corner_40>
<Corner_41>
  373 336</Corner_41>
<Corner_42>
  363 330</Corner_42>
<Corner_43>
  353 324</Corner_43>
<Corner_44>
  343 319</Corner_44>
<Corner_45>
  335 314</Corner_45>
<Corner_46>
  324 310</Corner_46>
<Corner_47>
  316 305</Corner_47>
</opencv_storage>
