<?xml version="1.0"?>
<opencv_storage>
<CameraMatrix type_id="opencv-matrix">
  <rows>3</rows>
  <cols>3</cols>
  <dt>d</dt>
  <data>
    4.9094834434656030e+02 0. 3.3436893902054663e+02 0.
    4.9317473225479301e+02 2.2521038636803578e+02 0. 0. 1.</data></CameraMatrix>
<DistortionCoeffs type_id="opencv-matrix">
  <rows>5</rows>
  <cols>1</cols>
  <dt>d</dt>
  <data>
    -3.6635352760239964e-01 1.9223399242435235e-01
    1.1190951724961265e-04 -2.1110161870097326e-04
    -6.0058368958289608e-02</data></DistortionCoeffs>
</opencv_storage>
