<?xml version="1.0"?>
<opencv_storage>
<CornersAmount>48</CornersAmount>
<Corner_0>
  343 342</Corner_0>
<Corner_1>
  335 346</Corner_1>
<Corner_2>
  325 349</Corner_2>
<Corner_3>
  317 352</Corner_3>
<Corner_4>
  307 356</Corner_4>
<Corner_5>
  298 359</Corner_5>
<Corner_6>
  287 363</Corner_6>
<Corner_7>
  277 366</Corner_7>
<Corner_8>
  333 340</Corner_8>
<Corner_9>
  324 344</Corner_9>
<Corner_10>
  316 346</Corner_10>
<Corner_11>
  306 349</Corner_11>
<Corner_12>
  297 353</Corner_12>
<Corner_13>
  288 356</Corner_13>
<Corner_14>
  277 361</Corner_14>
<Corner_15>
  270 363</Corner_15>
<Corner_16>
  323 338</Corner_16>
<Corner_17>
  314 341</Corner_17>
<Corner_18>
  306 343</Corner_18>
<Corner_19>
  297 346</Corner_19>
<Corner_20>
  290 350</Corner_20>
<Corner_21>
  279 353</Corner_21>
<Corner_22>
  270 356</Corner_22>
<Corner_23>
  257 359</Corner_23>
<Corner_24>
  314 335</Corner_24>
<Corner_25>
  306 338</Corner_25>
<Corner_26>
  297 340</Corner_26>
<Corner_27>
  288 343</Corner_27>
<Corner_28>
  278 346</Corner_28>
<Corner_29>
  270 350</Corner_29>
<Corner_30>
  258 352</Corner_30>
<Corner_31>
  252 356</Corner_31>
<Corner_32>
  304 333</Corner_32>
<Corner_33>
  297 335</Corner_33>
<Corner_34>
  290 337</Corner_34>
<Corner_35>
  279 340</Corner_35>
<Corner_36>
  270 344</Corner_36>
<Corner_37>
  260 346</Corner_37>
<Corner_38>
  252 349</Corner_38>
<Corner_39>
  242 352</Corner_39>
<Corner_40>
  298 330</Corner_40>
<Corner_41>
  288 333</Corner_41>
<Corner_42>
  280 335</Corner_42>
<Corner_43>
  271 338</Corner_43>
<Corner_44>
  261 341</Corner_44>
<Corner_45>
  252 342</Corner_45>
<Corner_46>
  240 346</Corner_46>
<Corner_47>
  233 350</Corner_47>
</opencv_storage>
