<?xml version="1.0"?>
<opencv_storage>
<CornersAmount>48</CornersAmount>
<Corner_0>
  369 342</Corner_0>
<Corner_1>
  361 348</Corner_1>
<Corner_2>
  353 355</Corner_2>
<Corner_3>
  345 360</Corner_3>
<Corner_4>
  336 367</Corner_4>
<Corner_5>
  328 373</Corner_5>
<Corner_6>
  319 380</Corner_6>
<Corner_7>
  309 388</Corner_7>
<Corner_8>
  357 338</Corner_8>
<Corner_9>
  348 345</Corner_9>
<Corner_10>
  341 349</Corner_10>
<Corner_11>
  333 356</Corner_11>
<Corner_12>
  325 362</Corner_12>
<Corner_13>
  316 368</Corner_13>
<Corner_14>
  307 375</Corner_14>
<Corner_15>
  297 383</Corner_15>
<Corner_16>
  345 335</Corner_16>
<Corner_17>
  336 340</Corner_17>
<Corner_18>
  329 347</Corner_18>
<Corner_19>
  322 351</Corner_19>
<Corner_20>
  313 358</Corner_20>
<Corner_21>
  305 363</Corner_21>
<Corner_22>
  296 369</Corner_22>
<Corner_23>
  285 377</Corner_23>
<Corner_24>
  335 331</Corner_24>
<Corner_25>
  326 336</Corner_25>
<Corner_26>
  319 342</Corner_26>
<Corner_27>
  310 347</Corner_27>
<Corner_28>
  302 354</Corner_28>
<Corner_29>
  292 359</Corner_29>
<Corner_30>
  285 365</Corner_30>
<Corner_31>
  274 372</Corner_31>
<Corner_32>
  324 328</Corner_32>
<Corner_33>
  315 332</Corner_33>
<Corner_34>
  308 338</Corner_34>
<Corner_35>
  299 343</Corner_35>
<Corner_36>
  290 349</Corner_36>
<Corner_37>
  282 354</Corner_37>
<Corner_38>
  272 361</Corner_38>
<Corner_39>
  262 366</Corner_39>
<Corner_40>
  313 324</Corner_40>
<Corner_41>
  305 330</Corner_41>
<Corner_42>
  297 336</Corner_42>
<Corner_43>
  288 341</Corner_43>
<Corner_44>
  281 345</Corner_44>
<Corner_45>
  271 351</Corner_45>
<Corner_46>
  261 356</Corner_46>
<Corner_47>
  251 362</Corner_47>
</opencv_storage>
