<?xml version="1.0"?>
<opencv_storage>
<CameraMatrix type_id="opencv-matrix">
  <rows>3</rows>
  <cols>3</cols>
  <dt>f</dt>
  <data>
    4.89912445e+02 0. 3.45119812e+02 0. 4.92301697e+02 2.41917511e+02 0.
    0. 1.</data></CameraMatrix>
<DistortionCoeffs type_id="opencv-matrix">
  <rows>5</rows>
  <cols>1</cols>
  <dt>f</dt>
  <data>
    -3.75885487e-01 2.09233388e-01 -5.73698489e-04 -9.15637822e-04
    -7.15189651e-02</data></DistortionCoeffs>
<RotationValues type_id="opencv-matrix">
  <rows>3</rows>
  <cols>1</cols>
  <dt>f</dt>
  <data>
    7.04726398e-01 -1.95473540e+00 1.73676443e+00</data></RotationValues>
<TranslationValues type_id="opencv-matrix">
  <rows>3</rows>
  <cols>1</cols>
  <dt>f</dt>
  <data>
    -2.62531719e+01 9.09278198e+02 4.36359033e+03</data></TranslationValues>
</opencv_storage>
