<?xml version="1.0"?>
<opencv_storage>
<CameraMatrix type_id="opencv-matrix">
  <rows>3</rows>
  <cols>3</cols>
  <dt>d</dt>
  <data>
    4.8991245177355825e+02 0. 3.4511981795869320e+02 0.
    4.9230168341854153e+02 2.4191750692382971e+02 0. 0. 1.</data></CameraMatrix>
<DistortionCoeffs type_id="opencv-matrix">
  <rows>5</rows>
  <cols>1</cols>
  <dt>d</dt>
  <data>
    -3.7588548160898327e-01 2.0923339343203856e-01
    -5.7369851102932160e-04 -9.1563779381208254e-04
    -7.1518962951976864e-02</data></DistortionCoeffs>
</opencv_storage>
